	1	1288.000	684.000
	2	1280.000	682.000
	3	1279.690	681.586
	4	1279.379	681.172
	5	1279.069	680.759
	6	1278.759	680.345
	7	1278.448	679.931
	8	1278.138	679.517
	9	1277.828	679.103
	10	1277.517	678.690
	11	1277.207	678.276
	12	1276.897	677.862
	13	1276.586	677.448
	14	1276.276	677.034
	15	1275.966	676.621
	16	1275.655	676.207
	17	1275.345	675.793
	18	1275.034	675.379
	19	1274.724	674.966
	20	1274.414	674.552
	21	1274.103	674.138
	22	1273.793	673.724
	23	1273.483	673.310
	24	1273.172	672.897
	25	1272.862	672.483
	26	1272.552	672.069
	27	1272.241	671.655
	28	1271.931	671.241
	29	1271.621	670.828
	30	1271.310	670.414
	31	1271.000	670.000
	32	1270.690	669.586
	33	1270.379	669.172
	34	1270.069	668.759
	35	1269.759	668.345
	36	1269.448	667.931
	37	1269.138	667.517
	38	1268.828	667.103
	39	1268.517	666.690
	40	1268.207	666.276
	41	1267.897	665.862
	42	1267.586	665.448
	43	1267.276	665.034
	44	1266.966	664.621
	45	1266.655	664.207
	46	1266.345	663.793
	47	1266.034	663.379
	48	1265.724	662.966
	49	1265.414	662.552
	50	1265.103	662.138
	51	1264.793	661.724
	52	1264.483	661.310
	53	1264.172	660.897
	54	1263.862	660.483
	55	1263.552	660.069
	56	1263.241	659.655
	57	1262.931	659.241
	58	1262.621	658.828
	59	1262.310	658.414
	60	1262.000	658.000
	61	1262.300	658.467
	62	1262.600	658.933
	63	1262.900	659.400
	64	1263.200	659.867
	65	1263.500	660.333
	66	1263.800	660.800
	67	1264.100	661.267
	68	1264.400	661.733
	69	1264.700	662.200
	70	1265.000	662.667
	71	1265.300	663.133
	72	1265.600	663.600
	73	1265.900	664.067
	74	1266.200	664.533
	75	1266.500	665.000
	76	1266.800	665.467
	77	1267.100	665.933
	78	1267.400	666.400
	79	1267.700	666.867
	80	1268.000	667.333
	81	1268.300	667.800
	82	1268.600	668.267
	83	1268.900	668.733
	84	1269.200	669.200
	85	1269.500	669.667
	86	1269.800	670.133
	87	1270.100	670.600
	88	1270.400	671.067
	89	1270.700	671.533
	90	1271.000	672.000
	91	1271.300	672.467
	92	1271.600	672.933
	93	1271.900	673.400
	94	1272.200	673.867
	95	1272.500	674.333
	96	1272.800	674.800
	97	1273.100	675.267
	98	1273.400	675.733
	99	1273.700	676.200
	100	1274.000	676.667
	101	1274.300	677.133
	102	1274.600	677.600
	103	1274.900	678.067
	104	1275.200	678.533
	105	1275.500	679.000
	106	1275.800	679.467
	107	1276.100	679.933
	108	1276.400	680.400
	109	1276.700	680.867
	110	1277.000	681.333
	111	1277.300	681.800
	112	1277.600	682.267
	113	1277.900	682.733
	114	1278.200	683.200
	115	1278.500	683.667
	116	1278.800	684.133
	117	1279.100	684.600
	118	1279.400	685.067
	119	1279.700	685.533
	120	1280.000	686.000
	121	1280.033	685.700
	122	1280.067	685.400
	123	1280.100	685.100
	124	1280.133	684.800
	125	1280.167	684.500
	126	1280.200	684.200
	127	1280.233	683.900
	128	1280.267	683.600
	129	1280.300	683.300
	130	1280.333	683.000
	131	1280.367	682.700
	132	1280.400	682.400
	133	1280.433	682.100
	134	1280.467	681.800
	135	1280.500	681.500
	136	1280.533	681.200
	137	1280.567	680.900
	138	1280.600	680.600
	139	1280.633	680.300
	140	1280.667	680.000
	141	1280.700	679.700
	142	1280.733	679.400
	143	1280.767	679.100
	144	1280.800	678.800
	145	1280.833	678.500
	146	1280.867	678.200
	147	1280.900	677.900
	148	1280.933	677.600
	149	1280.967	677.300
	150	1281.000	677.000
	151	1281.033	676.700
	152	1281.067	676.400
	153	1281.100	676.100
	154	1281.133	675.800
	155	1281.167	675.500
	156	1281.200	675.200
	157	1281.233	674.900
	158	1281.267	674.600
	159	1281.300	674.300
	160	1281.333	674.000
	161	1281.367	673.700
	162	1281.400	673.400
	163	1281.433	673.100
	164	1281.467	672.800
	165	1281.500	672.500
	166	1281.533	672.200
	167	1281.567	671.900
	168	1281.600	671.600
	169	1281.633	671.300
	170	1281.667	671.000
	171	1281.700	670.700
	172	1281.733	670.400
	173	1281.767	670.100
	174	1281.800	669.800
	175	1281.833	669.500
	176	1281.867	669.200
	177	1281.900	668.900
	178	1281.933	668.600
	179	1281.967	668.300
	180	1282.000	668.000
	181	1282.233	668.000
	182	1282.467	668.000
	183	1282.700	668.000
	184	1282.933	668.000
	185	1283.167	668.000
	186	1283.400	668.000
	187	1283.633	668.000
	188	1283.867	668.000
	189	1284.100	668.000
	190	1284.333	668.000
	191	1284.567	668.000
	192	1284.800	668.000
	193	1285.033	668.000
	194	1285.267	668.000
	195	1285.500	668.000
	196	1285.733	668.000
	197	1285.967	668.000
	198	1286.200	668.000
	199	1286.433	668.000
	200	1286.667	668.000
	201	1286.900	668.000
	202	1287.133	668.000
	203	1287.367	668.000
	204	1287.600	668.000
	205	1287.833	668.000
	206	1288.067	668.000
	207	1288.300	668.000
	208	1288.533	668.000
	209	1288.767	668.000
	210	1289.000	668.000
	211	1289.233	668.000
	212	1289.467	668.000
	213	1289.700	668.000
	214	1289.933	668.000
	215	1290.167	668.000
	216	1290.400	668.000
	217	1290.633	668.000
	218	1290.867	668.000
	219	1291.100	668.000
	220	1291.333	668.000
	221	1291.567	668.000
	222	1291.800	668.000
	223	1292.033	668.000
	224	1292.267	668.000
	225	1292.500	668.000
	226	1292.733	668.000
	227	1292.967	668.000
	228	1293.200	668.000
	229	1293.433	668.000
	230	1293.667	668.000
	231	1293.900	668.000
	232	1294.133	668.000
	233	1294.367	668.000
	234	1294.600	668.000
	235	1294.833	668.000
	236	1295.067	668.000
	237	1295.300	668.000
	238	1295.533	668.000
	239	1295.767	668.000
	240	1296.000	668.000
	241	1295.700	668.133
	242	1295.400	668.267
	243	1295.100	668.400
	244	1294.800	668.533
	245	1294.500	668.667
	246	1294.200	668.800
	247	1293.900	668.933
	248	1293.600	669.067
	249	1293.300	669.200
	250	1293.000	669.333
	251	1292.700	669.467
	252	1292.400	669.600
	253	1292.100	669.733
	254	1291.800	669.867
	255	1291.500	670.000
	256	1291.200	670.133
	257	1290.900	670.267
	258	1290.600	670.400
	259	1290.300	670.533
	260	1290.000	670.667
	261	1289.700	670.800
	262	1289.400	670.933
	263	1289.100	671.067
	264	1288.800	671.200
	265	1288.500	671.333
	266	1288.200	671.467
	267	1287.900	671.600
	268	1287.600	671.733
	269	1287.300	671.867
	270	1287.000	672.000
	271	1286.700	672.133
	272	1286.400	672.267
	273	1286.100	672.400
	274	1285.800	672.533
	275	1285.500	672.667
	276	1285.200	672.800
	277	1284.900	672.933
	278	1284.600	673.067
	279	1284.300	673.200
	280	1284.000	673.333
	281	1283.700	673.467
	282	1283.400	673.600
	283	1283.100	673.733
	284	1282.800	673.867
	285	1282.500	674.000
	286	1282.200	674.133
	287	1281.900	674.267
	288	1281.600	674.400
	289	1281.300	674.533
	290	1281.000	674.667
	291	1280.700	674.800
	292	1280.400	674.933
	293	1280.100	675.067
	294	1279.800	675.200
	295	1279.500	675.333
	296	1279.200	675.467
	297	1278.900	675.600
	298	1278.600	675.733
	299	1278.300	675.867
	300	1278.000	676.000
	301	1278.033	675.900
	302	1278.067	675.800
	303	1278.100	675.700
	304	1278.133	675.600
	305	1278.167	675.500
	306	1278.200	675.400
	307	1278.233	675.300
	308	1278.267	675.200
	309	1278.300	675.100
	310	1278.333	675.000
	311	1278.367	674.900
	312	1278.400	674.800
	313	1278.433	674.700
	314	1278.467	674.600
	315	1278.500	674.500
	316	1278.533	674.400
	317	1278.567	674.300
	318	1278.600	674.200
	319	1278.633	674.100
	320	1278.667	674.000
	321	1278.700	673.900
	322	1278.733	673.800
	323	1278.767	673.700
	324	1278.800	673.600
	325	1278.833	673.500
	326	1278.867	673.400
	327	1278.900	673.300
	328	1278.933	673.200
	329	1278.967	673.100
	330	1279.000	673.000
	331	1279.033	672.900
	332	1279.067	672.800
	333	1279.100	672.700
	334	1279.133	672.600
	335	1279.167	672.500
	336	1279.200	672.400
	337	1279.233	672.300
	338	1279.267	672.200
	339	1279.300	672.100
	340	1279.333	672.000
	341	1279.367	671.900
	342	1279.400	671.800
	343	1279.433	671.700
	344	1279.467	671.600
	345	1279.500	671.500
	346	1279.533	671.400
	347	1279.567	671.300
	348	1279.600	671.200
	349	1279.633	671.100
	350	1279.667	671.000
	351	1279.700	670.900
	352	1279.733	670.800
	353	1279.767	670.700
	354	1279.800	670.600
	355	1279.833	670.500
	356	1279.867	670.400
	357	1279.900	670.300
	358	1279.933	670.200
	359	1279.967	670.100
	360	1280.000	670.000
	361	1280.000	670.000
	362	1280.000	670.000
	363	1280.000	670.000
	364	1280.000	670.000
	365	1280.000	670.000
	366	1280.000	670.000
	367	1280.000	670.000
	368	1280.000	670.000
	369	1280.000	670.000
	370	1280.000	670.000
	371	1280.000	670.000
	372	1280.000	670.000
	373	1280.000	670.000
	374	1280.000	670.000
	375	1280.000	670.000
	376	1280.000	670.000
	377	1280.000	670.000
	378	1280.000	670.000
	379	1280.000	670.000
	380	1280.000	670.000
	381	1280.000	670.000
	382	1280.000	670.000
	383	1280.000	670.000
	384	1280.000	670.000
	385	1280.000	670.000
	386	1280.000	670.000
	387	1280.000	670.000
	388	1280.000	670.000
	389	1280.000	670.000
	390	1280.000	670.000
	391	1280.000	670.000
	392	1280.000	670.000
	393	1280.000	670.000
	394	1280.000	670.000
	395	1280.000	670.000
	396	1280.000	670.000
	397	1280.000	670.000
	398	1280.000	670.000
	399	1280.000	670.000
	400	1280.000	670.000
	401	1280.000	670.000
	402	1280.000	670.000
	403	1280.000	670.000
	404	1280.000	670.000
	405	1280.000	670.000
	406	1280.000	670.000
	407	1280.000	670.000
	408	1280.000	670.000
	409	1280.000	670.000
	410	1280.000	670.000
	411	1280.000	670.000
	412	1280.000	670.000
	413	1280.000	670.000
	414	1280.000	670.000
	415	1280.000	670.000
	416	1280.000	670.000
	417	1280.000	670.000
	418	1280.000	670.000
	419	1280.000	670.000
	420	1280.000	670.000
	421	1279.967	670.000
	422	1279.933	670.000
	423	1279.900	670.000
	424	1279.867	670.000
	425	1279.833	670.000
	426	1279.800	670.000
	427	1279.767	670.000
	428	1279.733	670.000
	429	1279.700	670.000
	430	1279.667	670.000
	431	1279.633	670.000
	432	1279.600	670.000
	433	1279.567	670.000
	434	1279.533	670.000
	435	1279.500	670.000
	436	1279.467	670.000
	437	1279.433	670.000
	438	1279.400	670.000
	439	1279.367	670.000
	440	1279.333	670.000
	441	1279.300	670.000
	442	1279.267	670.000
	443	1279.233	670.000
	444	1279.200	670.000
	445	1279.167	670.000
	446	1279.133	670.000
	447	1279.100	670.000
	448	1279.067	670.000
	449	1279.033	670.000
	450	1279.000	670.000
	451	1278.967	670.000
	452	1278.933	670.000
	453	1278.900	670.000
	454	1278.867	670.000
	455	1278.833	670.000
	456	1278.800	670.000
	457	1278.767	670.000
	458	1278.733	670.000
	459	1278.700	670.000
	460	1278.667	670.000
	461	1278.633	670.000
	462	1278.600	670.000
	463	1278.567	670.000
	464	1278.533	670.000
	465	1278.500	670.000
	466	1278.467	670.000
	467	1278.433	670.000
	468	1278.400	670.000
	469	1278.367	670.000
	470	1278.333	670.000
	471	1278.300	670.000
	472	1278.267	670.000
	473	1278.233	670.000
	474	1278.200	670.000
	475	1278.167	670.000
	476	1278.133	670.000
	477	1278.100	670.000
	478	1278.067	670.000
	479	1278.033	670.000
	480	1278.000	670.000
	481	1281.755	670.041
	482	1285.510	670.082
	483	1289.265	670.122
	484	1293.020	670.163
	485	1296.776	670.204
	486	1300.531	670.245
	487	1304.286	670.286
	488	1308.041	670.327
	489	1311.796	670.367
	490	1315.551	670.408
	491	1319.306	670.449
	492	1323.061	670.490
	493	1326.816	670.531
	494	1330.571	670.571
	495	1334.327	670.612
	496	1338.082	670.653
	497	1341.837	670.694
	498	1345.592	670.735
	499	1349.347	670.776
	500	1353.102	670.816
	501	1356.857	670.857
	502	1360.612	670.898
	503	1364.367	670.939
	504	1368.122	670.980
	505	1371.878	671.020
	506	1375.633	671.061
	507	1379.388	671.102
	508	1383.143	671.143
	509	1386.898	671.184
	510	1390.653	671.224
	511	1394.408	671.265
	512	1398.163	671.306
	513	1401.918	671.347
	514	1405.673	671.388
	515	1409.429	671.429
	516	1413.184	671.469
	517	1416.939	671.510
	518	1420.694	671.551
	519	1424.449	671.592
	520	1428.204	671.633
	521	1431.959	671.673
	522	1435.714	671.714
	523	1439.469	671.755
	524	1443.224	671.796
	525	1446.980	671.837
	526	1450.735	671.878
	527	1454.490	671.918
	528	1458.245	671.959
	529	1462.000	672.000
	530	1474.545	674.182
	531	1487.091	676.364
	532	1499.636	678.545
	533	1512.182	680.727
	534	1524.727	682.909
	535	1537.273	685.091
	536	1549.818	687.273
	537	1562.364	689.455
	538	1574.909	691.636
	539	1587.455	693.818
	540	1600.000	696.000
	541	1605.730	695.297
	542	1611.459	694.595
	543	1617.189	693.892
	544	1622.919	693.189
	545	1628.649	692.486
	546	1634.378	691.784
	547	1640.108	691.081
	548	1645.838	690.378
	549	1651.568	689.676
	550	1657.297	688.973
	551	1663.027	688.270
	552	1668.757	687.568
	553	1674.486	686.865
	554	1680.216	686.162
	555	1685.946	685.459
	556	1691.676	684.757
	557	1697.405	684.054
	558	1703.135	683.351
	559	1708.865	682.649
	560	1714.595	681.946
	561	1720.324	681.243
	562	1726.054	680.541
	563	1731.784	679.838
	564	1737.514	679.135
	565	1743.243	678.432
	566	1748.973	677.730
	567	1754.703	677.027
	568	1760.432	676.324
	569	1766.162	675.622
	570	1771.892	674.919
	571	1777.622	674.216
	572	1783.351	673.514
	573	1789.081	672.811
	574	1794.811	672.108
	575	1800.541	671.405
	576	1806.270	670.703
	577	1812.000	670.000
	578	1811.913	670.087
	579	1811.826	670.174
	580	1811.739	670.261
	581	1811.652	670.348
	582	1811.565	670.435
	583	1811.478	670.522
	584	1811.391	670.609
	585	1811.304	670.696
	586	1811.217	670.783
	587	1811.130	670.870
	588	1811.043	670.957
	589	1810.957	671.043
	590	1810.870	671.130
	591	1810.783	671.217
	592	1810.696	671.304
	593	1810.609	671.391
	594	1810.522	671.478
	595	1810.435	671.565
	596	1810.348	671.652
	597	1810.261	671.739
	598	1810.174	671.826
	599	1810.087	671.913
	600	1810.000	672.000
	601	1810.100	672.000
	602	1810.200	672.000
	603	1810.300	672.000
	604	1810.400	672.000
	605	1810.500	672.000
	606	1810.600	672.000
	607	1810.700	672.000
	608	1810.800	672.000
	609	1810.900	672.000
	610	1811.000	672.000
	611	1811.100	672.000
	612	1811.200	672.000
	613	1811.300	672.000
	614	1811.400	672.000
	615	1811.500	672.000
	616	1811.600	672.000
	617	1811.700	672.000
	618	1811.800	672.000
	619	1811.900	672.000
	620	1812.000	672.000
	621	1812.100	672.000
	622	1812.200	672.000
	623	1812.300	672.000
	624	1812.400	672.000
	625	1812.500	672.000
	626	1812.600	672.000
	627	1812.700	672.000
	628	1812.800	672.000
	629	1812.900	672.000
	630	1813.000	672.000
	631	1813.100	672.000
	632	1813.200	672.000
	633	1813.300	672.000
	634	1813.400	672.000
	635	1813.500	672.000
	636	1813.600	672.000
	637	1813.700	672.000
	638	1813.800	672.000
	639	1813.900	672.000
	640	1814.000	672.000
	641	1814.100	672.000
	642	1814.200	672.000
	643	1814.300	672.000
	644	1814.400	672.000
	645	1814.500	672.000
	646	1814.600	672.000
	647	1814.700	672.000
	648	1814.800	672.000
	649	1814.900	672.000
	650	1815.000	672.000
	651	1815.100	672.000
	652	1815.200	672.000
	653	1815.300	672.000
	654	1815.400	672.000
	655	1815.500	672.000
	656	1815.600	672.000
	657	1815.700	672.000
	658	1815.800	672.000
	659	1815.900	672.000
	660	1816.000	672.000
	661	1816.000	672.000
	662	1816.000	672.000
	663	1816.000	672.000
	664	1816.000	672.000
	665	1816.000	672.000
	666	1816.000	672.000
	667	1816.000	672.000
	668	1816.000	672.000
	669	1816.000	672.000
	670	1816.000	672.000
	671	1816.000	672.000
	672	1816.000	672.000
	673	1816.000	672.000
	674	1816.000	672.000
	675	1816.000	672.000
	676	1816.000	672.000
	677	1816.000	672.000
	678	1816.000	672.000
	679	1816.000	672.000
	680	1816.000	672.000
	681	1816.000	672.000
	682	1816.000	672.000
	683	1816.000	672.000
	684	1816.000	672.000
	685	1816.000	672.000
	686	1816.000	672.000
	687	1816.000	672.000
	688	1816.000	672.000
	689	1816.000	672.000
	690	1816.000	672.000
	691	1816.000	672.000
	692	1816.000	672.000
	693	1816.000	672.000
	694	1816.000	672.000
	695	1816.000	672.000
	696	1816.000	672.000
	697	1816.000	672.000
	698	1816.000	672.000
	699	1816.000	672.000
	700	1816.000	672.000
	701	1816.000	672.000
	702	1816.000	672.000
	703	1816.000	672.000
	704	1816.000	672.000
	705	1816.000	672.000
	706	1816.000	672.000
	707	1816.000	672.000
	708	1816.000	672.000
	709	1816.000	672.000
	710	1816.000	672.000
	711	1816.000	672.000
	712	1816.000	672.000
	713	1816.000	672.000
	714	1816.000	672.000
	715	1816.000	672.000
	716	1816.000	672.000
	717	1816.000	672.000
	718	1816.000	672.000
	719	1816.000	672.000
	720	1816.000	672.000
	721	1815.867	672.000
	722	1815.733	672.000
	723	1815.600	672.000
	724	1815.467	672.000
	725	1815.333	672.000
	726	1815.200	672.000
	727	1815.067	672.000
	728	1814.933	672.000
	729	1814.800	672.000
	730	1814.667	672.000
	731	1814.533	672.000
	732	1814.400	672.000
	733	1814.267	672.000
	734	1814.133	672.000
	735	1814.000	672.000
	736	1813.867	672.000
	737	1813.733	672.000
	738	1813.600	672.000
	739	1813.467	672.000
	740	1813.333	672.000
	741	1813.200	672.000
	742	1813.067	672.000
	743	1812.933	672.000
	744	1812.800	672.000
	745	1812.667	672.000
	746	1812.533	672.000
	747	1812.400	672.000
	748	1812.267	672.000
	749	1812.133	672.000
	750	1812.000	672.000
	751	1811.867	672.000
	752	1811.733	672.000
	753	1811.600	672.000
	754	1811.467	672.000
	755	1811.333	672.000
	756	1811.200	672.000
	757	1811.067	672.000
	758	1810.933	672.000
	759	1810.800	672.000
	760	1810.667	672.000
	761	1810.533	672.000
	762	1810.400	672.000
	763	1810.267	672.000
	764	1810.133	672.000
	765	1810.000	672.000
	766	1809.867	672.000
	767	1809.733	672.000
	768	1809.600	672.000
	769	1809.467	672.000
	770	1809.333	672.000
	771	1809.200	672.000
	772	1809.067	672.000
	773	1808.933	672.000
	774	1808.800	672.000
	775	1808.667	672.000
	776	1808.533	672.000
	777	1808.400	672.000
	778	1808.267	672.000
	779	1808.133	672.000
	780	1808.000	672.000
	781	1804.700	671.900
	782	1801.400	671.800
	783	1798.100	671.700
	784	1794.800	671.600
	785	1791.500	671.500
	786	1788.200	671.400
	787	1784.900	671.300
	788	1781.600	671.200
	789	1778.300	671.100
	790	1775.000	671.000
	791	1771.700	670.900
	792	1768.400	670.800
	793	1765.100	670.700
	794	1761.800	670.600
	795	1758.500	670.500
	796	1755.200	670.400
	797	1751.900	670.300
	798	1748.600	670.200
	799	1745.300	670.100
	800	1742.000	670.000
	801	1738.700	669.900
	802	1735.400	669.800
	803	1732.100	669.700
	804	1728.800	669.600
	805	1725.500	669.500
	806	1722.200	669.400
	807	1718.900	669.300
	808	1715.600	669.200
	809	1712.300	669.100
	810	1709.000	669.000
	811	1705.700	668.900
	812	1702.400	668.800
	813	1699.100	668.700
	814	1695.800	668.600
	815	1692.500	668.500
	816	1689.200	668.400
	817	1685.900	668.300
	818	1682.600	668.200
	819	1679.300	668.100
	820	1676.000	668.000
	821	1672.700	667.900
	822	1669.400	667.800
	823	1666.100	667.700
	824	1662.800	667.600
	825	1659.500	667.500
	826	1656.200	667.400
	827	1652.900	667.300
	828	1649.600	667.200
	829	1646.300	667.100
	830	1643.000	667.000
	831	1639.700	666.900
	832	1636.400	666.800
	833	1633.100	666.700
	834	1629.800	666.600
	835	1626.500	666.500
	836	1623.200	666.400
	837	1619.900	666.300
	838	1616.600	666.200
	839	1613.300	666.100
	840	1610.000	666.000
	841	1602.320	666.080
	842	1594.640	666.160
	843	1586.960	666.240
	844	1579.280	666.320
	845	1571.600	666.400
	846	1563.920	666.480
	847	1556.240	666.560
	848	1548.560	666.640
	849	1540.880	666.720
	850	1533.200	666.800
	851	1525.520	666.880
	852	1517.840	666.960
	853	1510.160	667.040
	854	1502.480	667.120
	855	1494.800	667.200
	856	1487.120	667.280
	857	1479.440	667.360
	858	1471.760	667.440
	859	1464.080	667.520
	860	1456.400	667.600
	861	1448.720	667.680
	862	1441.040	667.760
	863	1433.360	667.840
	864	1425.680	667.920
	865	1418.000	668.000
	866	1415.083	668.167
	867	1412.167	668.333
	868	1409.250	668.500
	869	1406.333	668.667
	870	1403.417	668.833
	871	1400.500	669.000
	872	1397.583	669.167
	873	1394.667	669.333
	874	1391.750	669.500
	875	1388.833	669.667
	876	1385.917	669.833
	877	1383.000	670.000
	878	1380.083	670.167
	879	1377.167	670.333
	880	1374.250	670.500
	881	1371.333	670.667
	882	1368.417	670.833
	883	1365.500	671.000
	884	1362.583	671.167
	885	1359.667	671.333
	886	1356.750	671.500
	887	1353.833	671.667
	888	1350.917	671.833
	889	1348.000	672.000
	890	1345.083	672.167
	891	1342.167	672.333
	892	1339.250	672.500
	893	1336.333	672.667
	894	1333.417	672.833
	895	1330.500	673.000
	896	1327.583	673.167
	897	1324.667	673.333
	898	1321.750	673.500
	899	1318.833	673.667
	900	1315.917	673.833
	901	1313.000	674.000
	902	1310.083	674.167
	903	1307.167	674.333
	904	1304.250	674.500
	905	1301.333	674.667
	906	1298.417	674.833
	907	1295.500	675.000
	908	1292.583	675.167
	909	1289.667	675.333
	910	1286.750	675.500
	911	1283.833	675.667
	912	1280.917	675.833
	913	1278.000	676.000
	914	1278.000	675.938
	915	1278.000	675.875
	916	1278.000	675.812
	917	1278.000	675.750
	918	1278.000	675.688
	919	1278.000	675.625
	920	1278.000	675.562
	921	1278.000	675.500
	922	1278.000	675.438
	923	1278.000	675.375
	924	1278.000	675.312
	925	1278.000	675.250
	926	1278.000	675.188
	927	1278.000	675.125
	928	1278.000	675.062
	929	1278.000	675.000
	930	1278.000	674.938
	931	1278.000	674.875
	932	1278.000	674.812
	933	1278.000	674.750
	934	1278.000	674.688
	935	1278.000	674.625
	936	1278.000	674.562
	937	1278.000	674.500
	938	1278.000	674.438
	939	1278.000	674.375
	940	1278.000	674.312
	941	1278.000	674.250
	942	1278.000	674.188
	943	1278.000	674.125
	944	1278.000	674.062
	945	1278.000	674.000
	946	1278.000	673.938
	947	1278.000	673.875
	948	1278.000	673.812
	949	1278.000	673.750
	950	1278.000	673.688
	951	1278.000	673.625
	952	1278.000	673.562
	953	1278.000	673.500
	954	1278.000	673.438
	955	1278.000	673.375
	956	1278.000	673.312
	957	1278.000	673.250
	958	1278.000	673.188
	959	1278.000	673.125
	960	1278.000	673.062
	961	1278.000	673.000
	962	1278.000	672.938
	963	1278.000	672.875
	964	1278.000	672.812
	965	1278.000	672.750
	966	1278.000	672.688
	967	1278.000	672.625
	968	1278.000	672.562
	969	1278.000	672.500
	970	1278.000	672.438
	971	1278.000	672.375
	972	1278.000	672.312
	973	1278.000	672.250
	974	1278.000	672.188
	975	1278.000	672.125
	976	1278.000	672.062
	977	1278.000	672.000
	978	1278.000	671.938
	979	1278.000	671.875
	980	1278.000	671.812
	981	1278.000	671.750
	982	1278.000	671.688
	983	1278.000	671.625
	984	1278.000	671.562
	985	1278.000	671.500
	986	1278.000	671.438
	987	1278.000	671.375
	988	1278.000	671.312
	989	1278.000	671.250
	990	1278.000	671.188
	991	1278.000	671.125
	992	1278.000	671.062
	993	1278.000	671.000
	994	1278.000	670.938
	995	1278.000	670.875
	996	1278.000	670.812
	997	1278.000	670.750
	998	1278.000	670.688
	999	1278.000	670.625
	1000	1278.000	670.562
	1001	1278.000	670.500
	1002	1278.000	670.438
	1003	1278.000	670.375
	1004	1278.000	670.312
	1005	1278.000	670.250
	1006	1278.000	670.188
	1007	1278.000	670.125
	1008	1278.000	670.062
	1009	1278.000	670.000
	1010	1278.000	670.182
	1011	1278.000	670.364
	1012	1278.000	670.545
	1013	1278.000	670.727
	1014	1278.000	670.909
	1015	1278.000	671.091
	1016	1278.000	671.273
	1017	1278.000	671.455
	1018	1278.000	671.636
	1019	1278.000	671.818
	1020	1278.000	672.000
	1021	1274.667	671.900
	1022	1271.333	671.800
	1023	1268.000	671.700
	1024	1264.667	671.600
	1025	1261.333	671.500
	1026	1258.000	671.400
	1027	1254.667	671.300
	1028	1251.333	671.200
	1029	1248.000	671.100
	1030	1244.667	671.000
	1031	1241.333	670.900
	1032	1238.000	670.800
	1033	1234.667	670.700
	1034	1231.333	670.600
	1035	1228.000	670.500
	1036	1224.667	670.400
	1037	1221.333	670.300
	1038	1218.000	670.200
	1039	1214.667	670.100
	1040	1211.333	670.000
	1041	1208.000	669.900
	1042	1204.667	669.800
	1043	1201.333	669.700
	1044	1198.000	669.600
	1045	1194.667	669.500
	1046	1191.333	669.400
	1047	1188.000	669.300
	1048	1184.667	669.200
	1049	1181.333	669.100
	1050	1178.000	669.000
	1051	1174.667	668.900
	1052	1171.333	668.800
	1053	1168.000	668.700
	1054	1164.667	668.600
	1055	1161.333	668.500
	1056	1158.000	668.400
	1057	1154.667	668.300
	1058	1151.333	668.200
	1059	1148.000	668.100
	1060	1144.667	668.000
	1061	1141.333	667.900
	1062	1138.000	667.800
	1063	1134.667	667.700
	1064	1131.333	667.600
	1065	1128.000	667.500
	1066	1124.667	667.400
	1067	1121.333	667.300
	1068	1118.000	667.200
	1069	1114.667	667.100
	1070	1111.333	667.000
	1071	1108.000	666.900
	1072	1104.667	666.800
	1073	1101.333	666.700
	1074	1098.000	666.600
	1075	1094.667	666.500
	1076	1091.333	666.400
	1077	1088.000	666.300
	1078	1084.667	666.200
	1079	1081.333	666.100
	1080	1078.000	666.000
	1081	1061.440	666.240
	1082	1044.880	666.480
	1083	1028.320	666.720
	1084	1011.760	666.960
	1085	995.200	667.200
	1086	978.640	667.440
	1087	962.080	667.680
	1088	945.520	667.920
	1089	928.960	668.160
	1090	912.400	668.400
	1091	895.840	668.640
	1092	879.280	668.880
	1093	862.720	669.120
	1094	846.160	669.360
	1095	829.600	669.600
	1096	813.040	669.840
	1097	796.480	670.080
	1098	779.920	670.320
	1099	763.360	670.560
	1100	746.800	670.800
	1101	730.240	671.040
	1102	713.680	671.280
	1103	697.120	671.520
	1104	680.560	671.760
	1105	664.000	672.000
	1106	658.743	672.057
	1107	653.486	672.114
	1108	648.229	672.171
	1109	642.971	672.229
	1110	637.714	672.286
	1111	632.457	672.343
	1112	627.200	672.400
	1113	621.943	672.457
	1114	616.686	672.514
	1115	611.429	672.571
	1116	606.171	672.629
	1117	600.914	672.686
	1118	595.657	672.743
	1119	590.400	672.800
	1120	585.143	672.857
	1121	579.886	672.914
	1122	574.629	672.971
	1123	569.371	673.029
	1124	564.114	673.086
	1125	558.857	673.143
	1126	553.600	673.200
	1127	548.343	673.257
	1128	543.086	673.314
	1129	537.829	673.371
	1130	532.571	673.429
	1131	527.314	673.486
	1132	522.057	673.543
	1133	516.800	673.600
	1134	511.543	673.657
	1135	506.286	673.714
	1136	501.029	673.771
	1137	495.771	673.829
	1138	490.514	673.886
	1139	485.257	673.943
	1140	480.000	674.000
	1141	482.462	673.846
	1142	484.923	673.692
	1143	487.385	673.538
	1144	489.846	673.385
	1145	492.308	673.231
	1146	494.769	673.077
	1147	497.231	672.923
	1148	499.692	672.769
	1149	502.154	672.615
	1150	504.615	672.462
	1151	507.077	672.308
	1152	509.538	672.154
	1153	512.000	672.000
	1154	513.957	671.915
	1155	515.915	671.830
	1156	517.872	671.745
	1157	519.830	671.660
	1158	521.787	671.574
	1159	523.745	671.489
	1160	525.702	671.404
	1161	527.660	671.319
	1162	529.617	671.234
	1163	531.574	671.149
	1164	533.532	671.064
	1165	535.489	670.979
	1166	537.447	670.894
	1167	539.404	670.809
	1168	541.362	670.723
	1169	543.319	670.638
	1170	545.277	670.553
	1171	547.234	670.468
	1172	549.191	670.383
	1173	551.149	670.298
	1174	553.106	670.213
	1175	555.064	670.128
	1176	557.021	670.043
	1177	558.979	669.957
	1178	560.936	669.872
	1179	562.894	669.787
	1180	564.851	669.702
	1181	566.809	669.617
	1182	568.766	669.532
	1183	570.723	669.447
	1184	572.681	669.362
	1185	574.638	669.277
	1186	576.596	669.191
	1187	578.553	669.106
	1188	580.511	669.021
	1189	582.468	668.936
	1190	584.426	668.851
	1191	586.383	668.766
	1192	588.340	668.681
	1193	590.298	668.596
	1194	592.255	668.511
	1195	594.213	668.426
	1196	596.170	668.340
	1197	598.128	668.255
	1198	600.085	668.170
	1199	602.043	668.085
	1200	604.000	668.000
	1201	608.000	670.000
	1202	598.667	670.042
	1203	589.333	670.083
	1204	580.000	670.125
	1205	570.667	670.167
	1206	561.333	670.208
	1207	552.000	670.250
	1208	542.667	670.292
	1209	533.333	670.333
	1210	524.000	670.375
	1211	514.667	670.417
	1212	505.333	670.458
	1213	496.000	670.500
	1214	486.667	670.542
	1215	477.333	670.583
	1216	468.000	670.625
	1217	458.667	670.667
	1218	449.333	670.708
	1219	440.000	670.750
	1220	430.667	670.792
	1221	421.333	670.833
	1222	412.000	670.875
	1223	402.667	670.917
	1224	393.333	670.958
	1225	384.000	671.000
	1226	374.667	671.042
	1227	365.333	671.083
	1228	356.000	671.125
	1229	346.667	671.167
	1230	337.333	671.208
	1231	328.000	671.250
	1232	318.667	671.292
	1233	309.333	671.333
	1234	300.000	671.375
	1235	290.667	671.417
	1236	281.333	671.458
	1237	272.000	671.500
	1238	262.667	671.542
	1239	253.333	671.583
	1240	244.000	671.625
	1241	234.667	671.667
	1242	225.333	671.708
	1243	216.000	671.750
	1244	206.667	671.792
	1245	197.333	671.833
	1246	188.000	671.875
	1247	178.667	671.917
	1248	169.333	671.958
	1249	160.000	672.000
	1250	151.273	670.727
	1251	142.545	669.455
	1252	133.818	668.182
	1253	125.091	666.909
	1254	116.364	665.636
	1255	107.636	664.364
	1256	98.909	663.091
	1257	90.182	661.818
	1258	81.455	660.545
	1259	72.727	659.273
	1260	64.000	658.000
	1261	128.486	658.270
	1262	192.973	658.541
	1263	257.459	658.811
	1264	321.946	659.081
	1265	386.432	659.351
	1266	450.919	659.622
	1267	515.405	659.892
	1268	579.892	660.162
	1269	644.378	660.432
	1270	708.865	660.703
	1271	773.351	660.973
	1272	837.838	661.243
	1273	902.324	661.514
	1274	966.811	661.784
	1275	1031.297	662.054
	1276	1095.784	662.324
	1277	1160.270	662.595
	1278	1224.757	662.865
	1279	1289.243	663.135
	1280	1353.730	663.405
	1281	1418.216	663.676
	1282	1482.703	663.946
	1283	1547.189	664.216
	1284	1611.676	664.486
	1285	1676.162	664.757
	1286	1740.649	665.027
	1287	1805.135	665.297
	1288	1869.622	665.568
	1289	1934.108	665.838
	1290	1998.595	666.108
	1291	2063.081	666.378
	1292	2127.568	666.649
	1293	2192.054	666.919
	1294	2256.541	667.189
	1295	2321.027	667.459
	1296	2385.514	667.730
	1297	2450.000	668.000
	1298	2449.913	667.913
	1299	2449.826	667.826
	1300	2449.739	667.739
	1301	2449.652	667.652
	1302	2449.565	667.565
	1303	2449.478	667.478
	1304	2449.391	667.391
	1305	2449.304	667.304
	1306	2449.217	667.217
	1307	2449.130	667.130
	1308	2449.043	667.043
	1309	2448.957	666.957
	1310	2448.870	666.870
	1311	2448.783	666.783
	1312	2448.696	666.696
	1313	2448.609	666.609
	1314	2448.522	666.522
	1315	2448.435	666.435
	1316	2448.348	666.348
	1317	2448.261	666.261
	1318	2448.174	666.174
	1319	2448.087	666.087
	1320	2448.000	666.000
	1321	2448.067	666.100
	1322	2448.133	666.200
	1323	2448.200	666.300
	1324	2448.267	666.400
	1325	2448.333	666.500
	1326	2448.400	666.600
	1327	2448.467	666.700
	1328	2448.533	666.800
	1329	2448.600	666.900
	1330	2448.667	667.000
	1331	2448.733	667.100
	1332	2448.800	667.200
	1333	2448.867	667.300
	1334	2448.933	667.400
	1335	2449.000	667.500
	1336	2449.067	667.600
	1337	2449.133	667.700
	1338	2449.200	667.800
	1339	2449.267	667.900
	1340	2449.333	668.000
	1341	2449.400	668.100
	1342	2449.467	668.200
	1343	2449.533	668.300
	1344	2449.600	668.400
	1345	2449.667	668.500
	1346	2449.733	668.600
	1347	2449.800	668.700
	1348	2449.867	668.800
	1349	2449.933	668.900
	1350	2450.000	669.000
	1351	2450.067	669.100
	1352	2450.133	669.200
	1353	2450.200	669.300
	1354	2450.267	669.400
	1355	2450.333	669.500
	1356	2450.400	669.600
	1357	2450.467	669.700
	1358	2450.533	669.800
	1359	2450.600	669.900
	1360	2450.667	670.000
	1361	2450.733	670.100
	1362	2450.800	670.200
	1363	2450.867	670.300
	1364	2450.933	670.400
	1365	2451.000	670.500
	1366	2451.067	670.600
	1367	2451.133	670.700
	1368	2451.200	670.800
	1369	2451.267	670.900
	1370	2451.333	671.000
	1371	2451.400	671.100
	1372	2451.467	671.200
	1373	2451.533	671.300
	1374	2451.600	671.400
	1375	2451.667	671.500
	1376	2451.733	671.600
	1377	2451.800	671.700
	1378	2451.867	671.800
	1379	2451.933	671.900
	1380	2452.000	672.000
	1381	2442.267	670.200
	1382	2432.533	668.400
	1383	2422.800	666.600
	1384	2413.067	664.800
	1385	2403.333	663.000
	1386	2393.600	661.200
	1387	2383.867	659.400
	1388	2374.133	657.600
	1389	2364.400	655.800
	1390	2354.667	654.000
	1391	2344.933	652.200
	1392	2335.200	650.400
	1393	2325.467	648.600
	1394	2315.733	646.800
	1395	2306.000	645.000
	1396	2296.267	643.200
	1397	2286.533	641.400
	1398	2276.800	639.600
	1399	2267.067	637.800
	1400	2257.333	636.000
	1401	2247.600	634.200
	1402	2237.867	632.400
	1403	2228.133	630.600
	1404	2218.400	628.800
	1405	2208.667	627.000
	1406	2198.933	625.200
	1407	2189.200	623.400
	1408	2179.467	621.600
	1409	2169.733	619.800
	1410	2160.000	618.000
	1411	2150.267	616.200
	1412	2140.533	614.400
	1413	2130.800	612.600
	1414	2121.067	610.800
	1415	2111.333	609.000
	1416	2101.600	607.200
	1417	2091.867	605.400
	1418	2082.133	603.600
	1419	2072.400	601.800
	1420	2062.667	600.000
	1421	2052.933	598.200
	1422	2043.200	596.400
	1423	2033.467	594.600
	1424	2023.733	592.800
	1425	2014.000	591.000
	1426	2004.267	589.200
	1427	1994.533	587.400
	1428	1984.800	585.600
	1429	1975.067	583.800
	1430	1965.333	582.000
	1431	1955.600	580.200
	1432	1945.867	578.400
	1433	1936.133	576.600
	1434	1926.400	574.800
	1435	1916.667	573.000
	1436	1906.933	571.200
	1437	1897.200	569.400
	1438	1887.467	567.600
	1439	1877.733	565.800
	1440	1868.000	564.000
	1441	1892.000	562.000
	1442	1894.125	563.292
	1443	1896.250	564.583
	1444	1898.375	565.875
	1445	1900.500	567.167
	1446	1902.625	568.458
	1447	1904.750	569.750
	1448	1906.875	571.042
	1449	1909.000	572.333
	1450	1911.125	573.625
	1451	1913.250	574.917
	1452	1915.375	576.208
	1453	1917.500	577.500
	1454	1919.625	578.792
	1455	1921.750	580.083
	1456	1923.875	581.375
	1457	1926.000	582.667
	1458	1928.125	583.958
	1459	1930.250	585.250
	1460	1932.375	586.542
	1461	1934.500	587.833
	1462	1936.625	589.125
	1463	1938.750	590.417
	1464	1940.875	591.708
	1465	1943.000	593.000
	1466	1945.125	594.292
	1467	1947.250	595.583
	1468	1949.375	596.875
	1469	1951.500	598.167
	1470	1953.625	599.458
	1471	1955.750	600.750
	1472	1957.875	602.042
	1473	1960.000	603.333
	1474	1962.125	604.625
	1475	1964.250	605.917
	1476	1966.375	607.208
	1477	1968.500	608.500
	1478	1970.625	609.792
	1479	1972.750	611.083
	1480	1974.875	612.375
	1481	1977.000	613.667
	1482	1979.125	614.958
	1483	1981.250	616.250
	1484	1983.375	617.542
	1485	1985.500	618.833
	1486	1987.625	620.125
	1487	1989.750	621.417
	1488	1991.875	622.708
	1489	1994.000	624.000
	1490	1969.455	622.182
	1491	1944.909	620.364
	1492	1920.364	618.545
	1493	1895.818	616.727
	1494	1871.273	614.909
	1495	1846.727	613.091
	1496	1822.182	611.273
	1497	1797.636	609.455
	1498	1773.091	607.636
	1499	1748.545	605.818
	1500	1724.000	604.000
	1501	1725.297	604.973
	1502	1726.595	605.946
	1503	1727.892	606.919
	1504	1729.189	607.892
	1505	1730.486	608.865
	1506	1731.784	609.838
	1507	1733.081	610.811
	1508	1734.378	611.784
	1509	1735.676	612.757
	1510	1736.973	613.730
	1511	1738.270	614.703
	1512	1739.568	615.676
	1513	1740.865	616.649
	1514	1742.162	617.622
	1515	1743.459	618.595
	1516	1744.757	619.568
	1517	1746.054	620.541
	1518	1747.351	621.514
	1519	1748.649	622.486
	1520	1749.946	623.459
	1521	1751.243	624.432
	1522	1752.541	625.405
	1523	1753.838	626.378
	1524	1755.135	627.351
	1525	1756.432	628.324
	1526	1757.730	629.297
	1527	1759.027	630.270
	1528	1760.324	631.243
	1529	1761.622	632.216
	1530	1762.919	633.189
	1531	1764.216	634.162
	1532	1765.514	635.135
	1533	1766.811	636.108
	1534	1768.108	637.081
	1535	1769.405	638.054
	1536	1770.703	639.027
	1537	1772.000	640.000
	1538	1757.875	641.875
	1539	1743.750	643.750
	1540	1729.625	645.625
	1541	1715.500	647.500
	1542	1701.375	649.375
	1543	1687.250	651.250
	1544	1673.125	653.125
	1545	1659.000	655.000
	1546	1644.875	656.875
	1547	1630.750	658.750
	1548	1616.625	660.625
	1549	1602.500	662.500
	1550	1588.375	664.375
	1551	1574.250	666.250
	1552	1560.125	668.125
	1553	1546.000	670.000
	1554	1531.875	671.875
	1555	1517.750	673.750
	1556	1503.625	675.625
	1557	1489.500	677.500
	1558	1475.375	679.375
	1559	1461.250	681.250
	1560	1447.125	683.125
	1561	1433.000	685.000
	1562	1418.875	686.875
	1563	1404.750	688.750
	1564	1390.625	690.625
	1565	1376.500	692.500
	1566	1362.375	694.375
	1567	1348.250	696.250
	1568	1334.125	698.125
	1569	1320.000	700.000
	1570	1305.875	701.875
	1571	1291.750	703.750
	1572	1277.625	705.625
	1573	1263.500	707.500
	1574	1249.375	709.375
	1575	1235.250	711.250
	1576	1221.125	713.125
	1577	1207.000	715.000
	1578	1192.875	716.875
	1579	1178.750	718.750
	1580	1164.625	720.625
	1581	1150.500	722.500
	1582	1136.375	724.375
	1583	1122.250	726.250
	1584	1108.125	728.125
	1585	1094.000	730.000
	1586	1097.208	729.167
	1587	1100.417	728.333
	1588	1103.625	727.500
	1589	1106.833	726.667
	1590	1110.042	725.833
	1591	1113.250	725.000
	1592	1116.458	724.167
	1593	1119.667	723.333
	1594	1122.875	722.500
	1595	1126.083	721.667
	1596	1129.292	720.833
	1597	1132.500	720.000
	1598	1135.708	719.167
	1599	1138.917	718.333
	1600	1142.125	717.500
	1601	1145.333	716.667
	1602	1148.542	715.833
	1603	1151.750	715.000
	1604	1154.958	714.167
	1605	1158.167	713.333
	1606	1161.375	712.500
	1607	1164.583	711.667
	1608	1167.792	710.833
	1609	1171.000	710.000
	1610	1174.208	709.167
	1611	1177.417	708.333
	1612	1180.625	707.500
	1613	1183.833	706.667
	1614	1187.042	705.833
	1615	1190.250	705.000
	1616	1193.458	704.167
	1617	1196.667	703.333
	1618	1199.875	702.500
	1619	1203.083	701.667
	1620	1206.292	700.833
	1621	1209.500	700.000
	1622	1212.708	699.167
	1623	1215.917	698.333
	1624	1219.125	697.500
	1625	1222.333	696.667
	1626	1225.542	695.833
	1627	1228.750	695.000
	1628	1231.958	694.167
	1629	1235.167	693.333
	1630	1238.375	692.500
	1631	1241.583	691.667
	1632	1244.792	690.833
	1633	1248.000	690.000
	1634	1248.000	690.000
	1635	1248.000	690.000
	1636	1248.000	690.000
	1637	1248.000	690.000
	1638	1248.000	690.000
	1639	1248.000	690.000
	1640	1248.000	690.000
	1641	1248.000	690.000
	1642	1248.000	690.000
	1643	1248.000	690.000
	1644	1248.000	690.000
	1645	1248.000	690.000
	1646	1248.000	690.000
	1647	1248.000	690.000
	1648	1248.000	690.000
	1649	1248.000	690.000
	1650	1248.000	690.000
	1651	1248.000	690.000
	1652	1248.000	690.000
	1653	1248.000	690.000
	1654	1248.000	690.000
	1655	1248.000	690.000
	1656	1248.000	690.000
	1657	1248.000	690.000
	1658	1248.000	690.000
	1659	1248.000	690.000
	1660	1248.000	690.000
	1661	1248.000	690.000
	1662	1248.000	690.000
	1663	1248.000	690.000
	1664	1248.000	690.000
	1665	1248.000	690.000
	1666	1248.000	690.000
	1667	1248.000	690.000
	1668	1248.000	690.000
	1669	1248.000	690.000
	1670	1248.000	690.000
	1671	1248.000	690.000
	1672	1248.000	690.000
	1673	1248.000	690.000
	1674	1248.000	690.000
	1675	1248.000	690.000
	1676	1248.000	690.000
	1677	1248.000	690.000
	1678	1248.000	690.000
	1679	1248.000	690.000
	1680	1248.000	690.000
	1681	1248.000	690.000
	1682	1248.000	690.000
	1683	1248.000	690.000
	1684	1248.000	690.000
	1685	1248.000	690.000
	1686	1248.000	690.000
	1687	1248.000	690.000
	1688	1248.000	690.000
	1689	1248.000	690.000
	1690	1248.000	690.000
	1691	1248.000	690.000
	1692	1248.000	690.000
	1693	1248.000	690.000
	1694	1248.000	690.000
	1695	1248.000	690.000
	1696	1248.000	690.000
	1697	1248.000	690.000
	1698	1248.000	690.000
	1699	1248.000	690.000
	1700	1248.000	690.000
	1701	1248.000	690.000
	1702	1248.000	690.000
	1703	1248.000	690.000
	1704	1248.000	690.000
	1705	1248.000	690.000
	1706	1248.000	690.000
	1707	1248.000	690.000
	1708	1248.000	690.000
	1709	1248.000	690.000
	1710	1248.000	690.000
	1711	1248.000	690.000
	1712	1248.000	690.000
	1713	1248.000	690.000
	1714	1248.000	690.000
	1715	1248.000	690.000
	1716	1248.000	690.000
	1717	1248.000	690.000
	1718	1248.000	690.000
	1719	1248.000	690.000
	1720	1248.000	690.000
	1721	1248.000	690.000
	1722	1248.000	690.000
	1723	1248.000	690.000
	1724	1248.000	690.000
	1725	1248.000	690.000
	1726	1248.000	690.000
	1727	1248.000	690.000
	1728	1248.000	690.000
	1729	1248.000	690.000
	1730	1248.000	690.000
	1731	1248.000	690.000
	1732	1248.000	690.000
	1733	1248.000	690.000
	1734	1248.000	690.000
	1735	1248.000	690.000
	1736	1248.000	690.000
	1737	1248.000	690.000
	1738	1248.000	690.000
	1739	1248.000	690.000
	1740	1248.000	690.000
	1741	1248.000	690.000
	1742	1248.000	690.000
	1743	1248.000	690.000
	1744	1248.000	690.000
	1745	1248.000	690.000
	1746	1248.000	690.000
	1747	1248.000	690.000
	1748	1248.000	690.000
	1749	1248.000	690.000
	1750	1248.000	690.000
	1751	1248.000	690.000
	1752	1248.000	690.000
	1753	1248.000	690.000
	1754	1248.000	690.000
	1755	1248.000	690.000
	1756	1248.000	690.000
	1757	1248.000	690.000
	1758	1248.000	690.000
	1759	1248.000	690.000
	1760	1248.000	690.000
	1761	1248.000	690.000
	1762	1248.000	690.000
	1763	1248.000	690.000
	1764	1248.000	690.000
	1765	1248.000	690.000
	1766	1248.000	690.000
	1767	1248.000	690.000
	1768	1248.000	690.000
	1769	1248.000	690.000
	1770	1248.000	690.000
	1771	1248.000	690.000
	1772	1248.000	690.000
	1773	1248.000	690.000
	1774	1248.000	690.000
	1775	1248.000	690.000
	1776	1248.000	690.000
	1777	1248.000	690.000
	1778	1248.000	690.000
	1779	1248.000	690.000
	1780	1248.000	690.000
	1781	1248.000	690.000
	1782	1248.000	690.000
	1783	1248.000	690.000
	1784	1247.333	690.167
	1785	1246.667	690.333
	1786	1246.000	690.500
	1787	1245.333	690.667
	1788	1244.667	690.833
	1789	1244.000	691.000
	1790	1243.333	691.167
	1791	1242.667	691.333
	1792	1242.000	691.500
	1793	1241.333	691.667
	1794	1240.667	691.833
	1795	1240.000	692.000
	1796	1241.000	687.500
	1797	1242.000	683.000
	1798	1243.000	678.500
	1799	1244.000	674.000
	1800	1250.000	668.000
	1801	1237.000	669.000
	1802	1224.000	670.000

